time	x	y
65.207527	1.4073471141589727E-4	0.005634767483081374
65.41259	1.0559852045769447E-4	0.02062725771479925
65.617823	8.462062315978382E-5	0.052492422129105244
65.82304599999999	1.2701142707585855E-5	0.0937277285610131
66.02638	-1.9898827951877682E-4	0.14620107906901889
66.22895299999999	-4.466977217902047E-4	0.2061706381553112
66.432095	-7.585307480722864E-4	0.2942511230135353
66.636817	-0.0012751176082602877	0.43292455767532406
66.840372	-0.001723870500195553	0.5922247562878925
67.046938	-0.002314155266234574	0.7646370896207039
67.24872599999999	-0.0029237649712639518	0.9520419131850676
67.451285	-0.0035789176633219764	1.1469481047293493
67.65384399999999	-0.004417780290986827	1.3455957482056884
67.855976	-0.005159013789284397	1.5405010932271814
68.05783199999999	-0.006183444936078185	1.7372617274111688
68.26398999999999	-0.006978494591508049	1.9396509835316513
68.466853	-0.007721474250145897	2.1476734057407825
68.66884499999999	-0.008494080097402006	2.38006898387774
68.870864	-0.010611802199961778	2.6462245557937814
69.072447	-0.016360919426149128	2.8917231890495616
69.27486999999999	-0.029108109451415797	3.1350250260193184
69.477918	-0.047933372375441624	3.362868510386835
69.680313	-0.07123397952945781	3.5413186433142867
69.882954	-0.10081310493195966	3.6887333393924697
70.08539	-0.13491265002493985	3.7975537583450616
70.287084	-0.17674800953234052	3.8916129778204627
70.489156	-0.22503566004302378	3.9672125090962016
70.69170799999999	-0.2836164143718331	4.036535245858364
70.893014	-0.3512681302037633	4.1011801939424295
71.095737	-0.43021891386115824	4.160592579959711
71.297411	-0.5256136125964702	4.221802822214581
71.50045399999999	-0.6538437029900358	4.295315519762532
71.70373599999999	-0.8235502996629119	4.386332157050247
71.905984	-1.0259650782157475	4.481460643533337
72.10889499999999	-1.274856715183732	4.583988385015791
72.312731	-1.5812336170333818	4.698489553454097
72.514511	-1.9549733241192495	4.835460334705885
72.718333	-2.3922821505758685	5.001684070231564
72.920431	-2.8434617547419085	5.17346621239106
73.123708	-3.257463898196449	5.331147554743074
73.32873699999999	-3.5892403011803484	5.458244946422169
73.532298	-3.8518946828517997	5.557386950985357
73.734563	-4.062981807253287	5.6361220040772775
73.937429	-4.257655685228509	5.708419931423723
74.13906399999999	-4.45154589827236	5.780628021940903
74.341045	-4.626322976501795	5.85098341722291
74.5426	-4.756146388666624	5.915979570515344
74.74427899999999	-4.856137602778982	5.976951167850214
74.94730799999999	-4.952142986441526	6.042934406470256
75.149684	-5.047099397195426	6.113935831095299
75.351706	-5.142602649329165	6.191723889394544
75.555122	-5.247827952881813	6.283905655671713
75.756541	-5.3625776748094385	6.391688350774391
75.958294	-5.479759034379966	6.511816521607251
76.159888	-5.596433788388067	6.639420389405412
76.36167999999999	-5.717775141258278	6.782259896054487
76.564825	-5.8414839094834345	6.941193020749102
76.766573	-5.966971736139297	7.1153225200781725
76.96818499999999	-6.093108481392829	7.303369548343936
77.17044299999999	-6.214619546527271	7.504348532841393
77.374003	-6.328322113589983	7.71556821370093
77.57679	-6.432677017484406	7.931975682271361
77.778809	-6.529062971138568	8.154291578712003
77.98312	-6.617095195781239	8.385463813783055
78.185453	-6.700035224185017	8.628418382170638
78.388182	-6.792837560747117	8.892778665351248
78.590706	-6.888512339945944	9.155287181114227
78.79538099999999	-6.983393027148732	9.4158845826073
78.996624	-7.081827259370381	9.683372752288067
79.198753	-7.1634922699351335	9.904978102524815
79.40086	-7.202081456406336	10.012363883252362
79.630399	-7.2035118294366445	10.017687364437158
