time	x	y
877.949587	3.974489971414163E-4	0.0019100007452099122
878.1540219999999	5.942864726665431E-4	0.016931400877785725
878.358972	1.9363336615183847E-4	0.050655025249551955
878.562276	-4.4244925619802604E-4	0.12561300282704754
878.7651169999999	-0.0010728202244946444	0.25305937105113924
878.968927	-0.001725593623912329	0.4198733375002178
879.173091	-0.002400780024216193	0.6185574629377854
879.375868	-0.0033426011983025035	0.8472097198712806
879.5781049999999	-0.00413242876455204	1.100241345623235
879.7813309999999	-0.004732448884877901	1.3626300969723493
879.983484	-0.005277237536408147	1.6363059420765387
880.18652	-0.0065730809151105995	1.9249447876616814
880.391355	-0.008045491739306266	2.213594916468416
880.593626	-0.00968655974298716	2.509727177263914
880.797104	-0.01158112100121427	2.8302034132032916
880.9998519999999	-0.012933212738708077	3.1507016873758587
881.2022089999999	-0.014313407653944815	3.4693384302692674
881.404672	-0.016013794857917506	3.7860788810501838
881.607804	-0.017581097496996885	4.08408312794929
881.8118109999999	-0.019156271346124524	4.357707665649956
882.0154329999999	-0.020012528688445417	4.651369310510373
882.221733	-0.00865142757291362	5.027063264313619
882.4237999999999	0.04057556158562295	5.418910115050442
882.62834	0.13845147583635545	5.7866070589651555
882.829978	0.3067026481152277	6.10891339505253
883.031978	0.6004369673100626	6.380765331007675
883.233944	1.018015738289644	6.721906522273084
883.4358639999999	1.5064042985763046	7.125355635721846
883.63977	1.972491099359861	7.510636244411874
883.8458549999999	2.3716617085977427	7.840550381372142
884.048777	2.7114771281435988	8.109239206850125
884.251212	2.9788378682691894	8.268865302105818
884.4549959999999	3.1690213516208563	8.320061285891091
884.6573109999999	3.282050638934538	8.373761187095516
884.860275	3.3308435630114777	8.532652568284286
885.063586	3.3557319984095564	8.8596501561568
885.26697	3.385955193254154	9.225448712947951
885.4689559999999	3.4208173294113124	9.611846522172357
885.673719	3.454415041464781	9.994866480285522
885.877038	3.4825658261779173	10.358035239858069
886.08029	3.4966626340504767	10.690167322971638
886.282378	3.493319947892551	10.954452013245977
886.484523	3.489868422628406	11.128624975036917
886.686053	3.488953940740516	11.231681771975277
886.887965	3.488347887511896	11.323520445526146
887.0908579999999	3.4874475260976694	11.41721861140258
887.298235	3.486589010666513	11.51655669459692
887.500957	3.485342189926156	11.617753086127168
887.79698	3.484218082249769	11.679559837348288
888.0769859999999	3.484142957326272	11.6795531679897
